6775	0
1	1397812
1	-1397812
1	1397832
1	-1397832
1	1397835
1	-1397835
1	1397839
1	-1397839
1	1397846
1	-1397846
1	1397847
1	-1397847
1	1397849
1	-1397849
1	1397853
1	-1397853
1	1397856
1	-1397856
1	1397857
1	-1397857
2	1397859
2	-1397859
1	1397863
1	-1397863
1	1397866
1	-1397866
1	1397867
1	-1397867
1	1397868
1	-1397868
1	1397869
1	-1397869
1	1398096
1	-1398096
1	1398097
1	-1398097
1	1398099
1	-1398099
2	1398100
2	-1398100
1	1398102
1	-1398102
1	1398104
1	-1398104
1	1398105
1	-1398105
5	1398106
5	-1398106
1	1398107
1	-1398107
1	1398108
1	-1398108
2	1398109
2	-1398109
2	1398113
2	-1398113
1	1398117
1	-1398117
2	1398118
2	-1398118
1	1398119
1	-1398119
3	1398126
3	-1398126
1	1398127
1	-1398127
3	1398131
3	-1398131
1	1398132
1	-1398132
2	1398133
2	-1398133
1	1398134
1	-1398134
1	1398135
1	-1398135
2	1398136
2	-1398136
2	1398137
2	-1398137
1	1398138
1	-1398138
1	1398139
1	-1398139
1	1398140
1	-1398140
3	1398142
3	-1398142
1	1398143
1	-1398143
2	1398145
2	-1398145
1	1398146
1	-1398146
1	1398149
1	-1398149
1	1398150
1	-1398150
1	1398157
1	-1398157
1	1398159
1	-1398159
1	1398160
1	-1398160
1	1398161
1	-1398161
2	1398163
2	-1398163
2	1398165
2	-1398165
1	1398169
1	-1398169
1	1398171
1	-1398171
1	1398175
1	-1398175
1	1398177
1	-1398177
1	1398179
1	-1398179
1	1398180
1	-1398180
2	1398184
2	-1398184
1	1398185
1	-1398185
2	1398186
2	-1398186
1	1398187
1	-1398187
1	1398188
1	-1398188
2	1398189
2	-1398189
1	1398190
1	-1398190
1	1398192
1	-1398192
1	1398193
1	-1398193
1	1398200
1	-1398200
1	1398203
1	-1398203
1	1398204
1	-1398204
1	1398207
1	-1398207
1	1398208
1	-1398208
1	1398212
1	-1398212
1	1398240
1	-1398240
1	1398241
1	1398260
1	-1398260
1	1398263
1	-1398263
1	1398269
1	1398271
1	-1398271
1	1398276
1	-1398276
1	1398282
1	-1398282
1	1398288
1	-1398288
1	1398289
1	-1398289
1	1398290
1	1398302
1	1398303
1	-1398303
1	1398305
1	1398317
1	1398329
1	-1398329
1	1398331
1	-1398331
2	1398337
1	1398342
2	1398353
2	-1398353
1	1398355
1	-1398355
2	-1398356
1	1398357
1	-1398357
1	1398360
1	-1398360
1	-1398361
1	1398362
1	1398364
1	1398365
1	-1398365
1	1398367
1	-1398367
1	-1398372
1	1398377
1	-1398377
1	1398383
1	-1398383
1	-1398384
1	-1398385
1	1398386
1	-1398386
1	1398388
2	-1398388
1	1398389
1	-1398389
1	1398393
2	-1398393
1	1398395
1	-1398395
1	-1398397
2	1398399
2	-1398399
2	1398401
3	-1398401
1	-1398402
1	1398404
1	-1398404
2	1398406
1	-1398406
1	-1398408
1	1398414
1	-1398417
1	1398418
1	-1398418
1	-1398421
3	1398423
3	-1398423
3	1398424
3	-1398424
2	1398425
2	-1398425
2	1398427
2	-1398427
1	1398428
1	-1398428
3	1398429
3	-1398429
1	-1398430
1	1398431
1	-1398431
2	1398432
2	-1398432
3	1398433
3	-1398433
2	1398435
2	-1398435
3	1398437
4	-1398437
2	1398438
3	-1398438
1	1398439
1	-1398439
4	1398440
4	-1398440
6	1398441
6	-1398441
3	1398442
3	-1398442
5	1398443
6	-1398443
3	1398444
3	-1398444
3	1398445
3	-1398445
3	1398446
3	-1398446
8	1398447
8	-1398447
4	1398448
4	-1398448
6	1398449
6	-1398449
1	1398451
1	-1398451
2	1398452
2	-1398452
4	1398453
4	-1398453
2	1398454
2	-1398454
1	1398455
1	-1398455
1	1398456
1	-1398456
1	1398458
1	-1398458
1	1398459
1	-1398459
3	1398460
2	-1398460
1	1398463
1	-1398463
1	1398464
1	-1398464
4	1398465
4	-1398465
1	1398466
1	-1398466
1	1398467
1	-1398467
2	1398468
2	-1398468
1	1398469
1	-1398469
1	1398471
1	-1398471
1	1398472
2	-1398472
1	1398475
1	-1398475
1	1398478
1	-1398478
1	1398479
1	1398480
1	-1398480
4	1398482
4	-1398482
1	1398484
1	-1398484
2	1398487
2	-1398487
1	1398488
1	1398490
1	1398492
1	-1398492
1	1398495
1	-1398495
1	1398500
1	-1398500
1	1398506
1	-1398506
2	1398509
2	-1398509
1	1398512
1	1398514
1	-1398514
2	1398517
2	-1398517
2	1398522
1	-1398522
1	1398524
1	1398526
1	1398530
1	-1398530
1	1398532
1	-1398532
1	1398535
1	-1398535
1	1398538
1	1398547
1	-1398547
2	1398551
1	-1398551
1	1398555
2	1398557
1	1398558
1	-1398558
1	1398560
1	1398561
1	1398566
1	1398569
1	1398570
1	-1398570
1	1398580
1	-1398580
1	1398586
1	1398590
1	-1398590
1	1398593
1	-1398593
1	1398605
1	1398610
1	-1398624
1	1398831
1	-1398831
1	1398833
1	-1398833
1	1398846
1	-1398846
1	1398853
1	-1398853
1	1398854
1	-1398854
1	1398856
1	-1398856
2	1398858
2	-1398858
1	1398861
1	-1398861
2	1398864
2	-1398864
1	1398865
1	-1398865
1	1398867
1	-1398867
1	1398869
1	-1398869
2	1398871
2	-1398871
1	1398872
1	-1398872
1	1398873
1	-1398873
1	1398876
1	-1398876
2	1398877
2	-1398877
1	1398878
1	-1398878
2	1398879
2	-1398879
2	1398880
2	-1398880
2	1398882
2	-1398882
2	1398883
2	-1398883
3	1398885
3	-1398885
1	1398886
1	-1398886
3	1398887
3	-1398887
2	1398888
2	-1398888
2	1398889
2	-1398889
1	1398894
1	-1398894
1	1398896
1	-1398896
1	1399028
1	1399034
1	-1399034
1	-1399037
1	-1399038
1	1399042
1	-1399042
1	1399045
2	-1399045
1	-1399050
1	1399060
1	-1399060
1	1399061
1	-1399061
2	1399062
1	-1399062
3	1399064
3	-1399064
1	-1399065
1	1399066
2	-1399066
1	1399067
2	-1399067
1	1399069
1	-1399069
1	-1399071
1	1399072
2	-1399072
1	1399073
1	-1399073
1	1399076
1	-1399076
1	1399077
1	-1399077
1	1399078
1	-1399078
4	1399079
3	-1399079
2	1399080
1	-1399080
1	1399082
1	-1399082
1	1399084
1	-1399084
1	1399085
1	-1399085
2	1399086
2	-1399086
1	1399089
1	-1399089
2	1399092
2	-1399092
2	1399094
2	-1399094
2	1399095
2	-1399095
2	1399097
2	-1399097
2	1399099
2	-1399099
1	1399100
1	-1399100
2	1399101
2	-1399101
1	1399104
1	-1399104
1	1399105
1	-1399105
2	1399106
2	-1399106
1	1399107
1	-1399107
1	1399108
2	-1399108
2	1399109
1	-1399109
2	1399110
2	-1399110
1	1399111
1	-1399111
2	1399112
2	-1399112
1	1399113
1	-1399113
4	1399114
3	-1399114
3	1399115
3	-1399115
4	1399117
5	-1399117
3	1399118
3	-1399118
7	1399119
7	-1399119
2	-1399120
2	1399121
2	-1399121
1	1399122
2	-1399122
1	1399123
1	-1399123
5	1399124
5	-1399124
2	1399126
2	-1399126
4	1399127
4	-1399127
2	1399128
2	-1399128
2	1399129
3	-1399129
3	1399130
3	-1399130
3	1399131
3	-1399131
1	1399132
1	-1399132
3	1399136
2	-1399136
3	1399137
3	-1399137
4	1399138
5	-1399138
1	1399139
1	-1399139
3	1399141
3	-1399141
5	1399143
4	-1399143
1	1399145
1	-1399145
2	1399147
2	-1399147
3	1399148
3	-1399148
2	1399149
3	-1399149
2	1399150
2	-1399150
1	1399152
1	-1399152
2	1399153
1	-1399153
3	1399154
3	-1399154
4	1399155
4	-1399155
3	1399156
3	-1399156
3	1399157
3	-1399157
2	1399158
2	-1399158
1	1399159
1	-1399159
3	1399160
5	-1399160
2	1399162
2	-1399162
4	1399164
4	-1399164
3	1399165
3	-1399165
2	1399166
3	-1399166
5	1399168
5	-1399168
2	1399169
3	-1399169
2	1399170
2	-1399170
3	1399172
3	-1399172
1	1399173
1	-1399173
3	1399174
3	-1399174
2	1399176
3	-1399176
2	1399177
2	-1399177
1	1399178
1	-1399178
2	1399179
2	-1399179
2	1399181
1	-1399181
4	1399182
4	-1399182
1	1399183
1	-1399183
1	1399184
1	-1399184
4	1399185
4	-1399185
3	1399186
3	-1399186
2	1399188
1	-1399188
2	1399189
2	-1399189
3	1399190
3	-1399190
1	1399191
1	-1399191
2	1399192
2	-1399192
1	1399194
1	-1399194
2	1399195
2	-1399195
3	1399196
3	-1399196
1	1399197
1	-1399197
3	1399198
3	-1399198
1	1399199
1	-1399199
1	1399200
1	-1399200
2	1399201
3	-1399201
6	1399202
4	-1399202
2	1399203
2	-1399203
2	1399204
2	-1399204
1	1399205
1	-1399205
2	1399206
2	-1399206
5	1399207
5	-1399207
7	1399208
6	-1399208
7	1399209
8	-1399209
3	1399210
3	-1399210
2	1399211
2	-1399211
6	1399212
6	-1399212
3	1399213
3	-1399213
2	1399215
2	-1399215
1	1399216
1	-1399216
1	1399217
1	-1399217
1	1399218
1	-1399218
2	1399219
2	-1399219
1	1399220
1	-1399220
2	1399221
1	-1399221
4	1399222
3	-1399222
4	1399223
4	-1399223
1	1399224
1	-1399224
1	1399227
1	-1399227
1	1399228
1	-1399228
2	1399229
2	-1399229
4	1399230
3	-1399230
2	1399231
2	-1399231
1	1399234
1	-1399234
1	1399235
1	1399236
2	1399242
2	-1399242
2	1399243
1	-1399243
1	1399245
3	1399246
3	-1399246
1	1399247
1	1399248
1	-1399248
1	1399251
1	-1399251
1	1399257
1	-1399257
1	-1399259
1	1399260
1	-1399260
1	-1399262
1	1399266
3	1399267
1	-1399267
1	1399268
1	-1399268
1	-1399270
1	1399272
2	1399273
2	-1399273
1	1399278
1	-1399278
1	1399282
1	1399284
2	-1399284
1	1399285
2	1399287
1	1399288
1	-1399288
2	-1399290
1	1399293
1	-1399293
1	1399296
1	-1399296
1	1399299
1	1399300
1	-1399300
1	1399301
1	-1399301
1	1399302
2	1399303
2	-1399303
1	1399307
1	-1399307
3	1399313
2	-1399313
1	1399315
2	1399316
2	-1399316
1	1399320
1	-1399320
2	1399323
1	-1399323
1	1399326
1	-1399326
1	1399329
1	-1399329
1	1399335
1	1399338
1	-1399338
2	1399340
2	-1399340
1	1399346
1	1399348
1	1399351
1	1399363
1	-1399363
1	1399367
1	-1399367
1	1399368
1	-1399368
1	1399372
1	-1399372
1	1399375
1	-1399375
1	1399381
1	-1399381
1	1399417
1	-1399417
1	1399440
1	-1399440
1	1399444
1	-1399444
1	1399446
1	-1399446
1	1399449
1	-1399449
1	1399455
1	-1399455
1	1399456
1	-1399456
1	1399457
1	-1399457
1	1399459
1	-1399459
2	1399461
2	-1399461
2	1399462
2	-1399462
1	1399465
1	-1399465
2	1399467
2	-1399467
1	1399468
1	-1399468
3	1399471
3	-1399471
1	1399474
1	-1399474
2	1399478
2	-1399478
1	1399480
1	-1399480
1	1399482
1	-1399482
3	1399485
3	-1399485
1	1399486
1	-1399486
1	1399487
1	-1399487
1	1399489
1	-1399489
1	1399490
1	-1399490
1	1399495
1	-1399495
1	1399498
1	-1399498
1	1399510
1	-1399510
1	1399523
1	-1399523
1	-14189264
1	-15831735
1	176
1	-17621330
1	-192
1	196
1	-201
1	206
1	-206
1	208
2	-208
1	-209
1	214
1	-214
1	221
1	-221
1	223
1	-223
1	2234402
1	-2234402
1	2234423
1	-2234423
1	2234484
1	-2234484
1	2234499
1	-2234499
1	2234508
1	-2234508
1	2234563
1	-2234563
1	2234579
1	-2234579
1	2234651
1	-2234651
1	2234671
1	-2234671
1	2234764
1	-2234764
1	2234910
1	-2234910
1	2234922
1	-2234922
1	2234936
1	-2234936
1	2234965
1	-2234965
1	2234974
1	-2234974
1	2235070
1	-2235070
1	2235154
1	-2235154
1	2235175
1	-2235175
1	2235176
1	-2235176
1	2235206
1	-2235206
1	2235327
1	-2235327
1	2235361
1	-2235361
1	2235412
1	-2235412
1	2235442
1	-2235442
1	2235457
1	-2235457
1	2235521
1	-2235521
1	2235588
1	-2235588
1	2235702
1	-2235702
1	2235719
1	-2235719
1	2235733
1	-2235733
1	2235748
1	-2235748
1	2235826
1	-2235826
1	2235950
1	-2235950
1	2235960
1	-2235960
1	2235964
1	-2235964
1	2236026
1	-2236026
1	2236124
1	-2236124
1	2236132
1	-2236132
1	2236136
1	-2236136
1	2236147
1	-2236147
1	2236180
1	-2236180
1	2236225
1	-2236225
1	2236435
1	-2236435
1	2236811
1	-2236811
1	2237598
1	-2237598
1	2237636
1	-2237636
1	2237652
1	-2237652
1	2237688
1	-2237688
1	2237724
1	-2237724
1	2237864
1	-2237864
1	2237880
1	-2237880
1	2237887
1	-2237887
1	2237904
1	-2237904
1	2238031
1	-2238031
1	2238063
1	-2238063
1	2238098
1	-2238098
1	2238105
1	-2238105
1	2238106
1	-2238106
1	2238151
1	-2238151
1	2238403
1	-2238403
1	2238405
1	-2238405
1	2238455
1	-2238455
1	2238485
1	-2238485
2	2238491
2	-2238491
1	2238517
1	-2238517
1	2238525
1	-2238525
1	2238539
1	-2238539
1	2238587
1	-2238587
1	2238626
1	-2238626
1	2238663
1	-2238663
1	2238678
1	-2238678
1	2238683
1	-2238683
1	2238799
1	-2238799
1	2239020
1	-2239020
1	2239086
1	-2239086
1	2239175
1	-2239175
1	2239226
1	-2239226
1	2239236
1	-2239236
1	2239247
1	-2239247
1	2239340
1	-2239340
1	2239541
1	-2239541
1	2239620
1	-2239620
1	2239750
1	-2239750
1	2239785
1	-2239785
1	2239895
1	-2239895
1	2239966
1	-2239966
1	224
2	-224
1	2240041
1	-2240041
1	2240099
1	-2240099
1	2240281
1	-2240281
1	2240286
1	-2240286
1	2240355
1	-2240355
1	2240401
1	-2240401
1	2240427
1	-2240427
1	2240517
1	-2240517
1	2240529
1	-2240529
1	2240542
1	-2240542
1	2240557
1	-2240557
1	2240619
1	-2240619
1	2240668
1	-2240668
1	2240677
1	-2240677
1	2240681
1	-2240681
1	2240751
1	-2240751
1	2240805
1	-2240805
1	2240808
1	-2240808
1	2240825
1	-2240825
1	2240953
1	-2240953
1	2241032
1	-2241032
1	2241099
1	-2241099
1	2241102
1	-2241102
1	2241118
1	-2241118
1	2241188
1	-2241188
1	2241197
1	-2241197
1	2241221
1	-2241221
1	2241226
1	-2241226
1	2241271
1	-2241271
1	2241313
1	-2241313
1	2241340
1	-2241340
1	2241356
1	-2241356
1	2241372
1	-2241372
1	2241459
1	-2241459
1	2241519
1	-2241519
1	2241599
1	-2241599
1	2241676
1	-2241676
1	2241730
1	-2241730
1	2241746
1	-2241746
1	2241824
1	-2241824
1	2241864
1	-2241864
1	2241970
1	-2241970
1	2242046
1	-2242046
1	2242249
1	-2242249
1	2242379
1	-2242379
1	2242434
1	-2242434
1	2242466
1	-2242466
1	2242474
1	-2242474
1	2242545
1	-2242545
1	2242632
1	-2242632
1	2242668
1	-2242668
1	2242804
1	-2242804
2	2242893
2	-2242893
1	2242986
1	-2242986
1	2243022
1	-2243022
1	2243029
1	-2243029
1	2243036
1	-2243036
1	2243106
1	-2243106
1	2243120
1	-2243120
1	2243149
1	-2243149
1	2243185
1	-2243185
1	2243208
1	-2243208
1	2243241
1	-2243241
1	2243264
1	-2243264
1	2243366
1	-2243366
1	2243396
1	-2243396
1	2243476
1	2243500
1	-2243500
1	2243504
1	-2243504
1	2243518
1	-2243518
1	2243522
1	2243548
1	-2243548
1	2243617
1	2243660
1	-2243660
1	2243712
1	-2243712
1	2243721
1	-2243721
1	2243730
1	-2243730
1	-2243815
1	-2243831
1	-2243851
1	-2243886
1	-2243892
1	-2243902
1	2243904
1	-2243904
1	-2243908
1	-2243914
1	-2243915
1	2243920
1	-2243920
1	-2243922
1	2243925
1	-2243926
1	2243927
1	-2243927
1	2243929
1	-2243929
1	2243937
1	-2243937
1	2243942
2	-2243942
1	2243943
1	-2243943
1	2243945
1	-2243945
1	2243948
2	2243949
2	-2243949
1	-2243950
1	2243953
1	2243955
2	-2243955
1	2243957
1	-2243957
1	2243961
1	-2243961
1	2243963
1	-2243963
1	2243964
1	-2243964
2	2243967
2	-2243967
1	2243968
1	-2243968
1	2243975
1	-2243975
1	2243976
1	-2243976
1	2243977
1	-2243977
1	2243978
1	-2243978
1	2243980
1	-2243980
1	-2243981
1	2243982
1	-2243982
2	2243987
2	-2243987
1	2243989
1	-2243989
1	2243990
2	-2243990
1	2243991
1	-2243991
1	2243992
1	-2243992
1	2243993
1	-2243993
1	2243994
1	-2243994
1	2243995
1	-2243995
2	2243996
2	-2243996
1	2243998
1	-2243998
3	2243999
3	-2243999
1	2244000
1	-2244000
1	2244002
1	-2244002
1	2244003
1	-2244003
1	2244005
1	-2244005
1	-2244006
1	2244007
1	-2244007
1	2244009
1	-2244009
1	2244011
1	-2244011
3	2244014
3	-2244014
2	2244015
2	-2244015
1	2244016
1	-2244016
1	2244017
1	-2244017
2	2244018
2	-2244018
2	2244019
2	-2244019
2	2244021
2	-2244021
2	2244022
2	-2244022
1	2244023
1	-2244023
1	2244025
1	-2244025
1	-2244026
1	2244027
1	-2244027
1	2244029
1	-2244029
1	2244030
1	-2244030
1	2244033
1	-2244033
1	2244036
1	-2244036
1	2244039
1	-2244039
1	2244042
1	-2244042
1	2244043
1	-2244043
1	2244046
1	-2244046
1	2244047
1	-2244047
1	2244049
1	-2244049
1	2244057
1	-2244057
2	2244058
2	-2244058
1	2244060
1	-2244060
1	2244073
1	-2244073
1	2244159
1	-2244159
1	2244175
1	-2244175
1	2244182
1	-2244182
1	2244189
1	-2244189
1	2244190
1	-2244190
1	2244201
1	2244221
1	2244230
1	2244231
1	-2244231
1	2244233
1	-2244233
1	2244276
1	-2244276
1	2244281
1	-2244281
1	2244282
1	2244378
1	-2244378
1	2244394
1	-2244394
1	2244398
1	-2244398
1	2244417
1	-2244417
1	-2244473
1	2244497
1	-2244497
1	2244502
1	-2244502
1	2244508
1	2244513
1	-2244513
1	-2244515
1	2244519
1	-2244519
1	2244524
1	-2244524
1	2244527
1	-2244527
1	-2244529
1	2244533
1	-2244533
1	-2244543
1	2244552
1	-2244552
1	-2244556
1	-2244558
1	2244564
1	-2244564
1	-2244566
1	2244569
1	-2244569
1	2244570
1	-2244570
2	2244575
2	-2244575
1	2244580
1	-2244580
2	2244582
2	-2244582
1	2244583
1	-2244583
1	2244585
1	-2244585
1	-2244586
1	2244587
1	-2244587
1	2244588
1	2244589
1	-2244589
1	2244590
1	-2244590
1	2244591
1	-2244591
1	2244595
1	-2244595
1	-2244597
1	2244599
1	-2244599
1	-2244600
1	2244601
1	-2244601
1	2244615
1	2244623
1	2244625
1	-2244625
1	2244626
1	2244630
1	2244638
1	-2244638
1	2244641
1	-2244641
1	2244643
1	-2244643
1	2244644
1	-2244644
1	-2244656
1	-2244663
1	2244671
1	-2244671
1	-2244672
1	2244675
1	-2244675
1	-2244682
1	2244691
1	-2244691
1	2244692
1	-2244692
1	2244700
1	-2244700
1	2244705
1	-2244705
1	-2244735
1	2244791
1	-2244791
1	2244818
1	-2244818
1	2244830
1	-2244830
1	2244842
1	-2244842
1	2245130
1	-2245130
1	2245176
1	-2245176
1	2245265
1	-2245265
1	2245301
1	-2245301
1	2245449
1	-2245449
1	2245458
1	-2245458
1	2245492
1	-2245492
1	2245499
1	-2245499
1	2245530
1	-2245530
1	2245531
1	-2245531
1	2245535
1	-2245535
1	2245578
1	-2245578
1	2245591
1	-2245591
1	2245597
1	-2245597
1	2245613
1	-2245613
1	2245631
1	-2245631
1	2245665
1	-2245665
1	2245770
1	-2245770
1	2245824
1	-2245824
1	2245842
1	-2245842
1	2245849
1	-2245849
1	2245871
1	-2245871
1	2245895
1	-2245895
1	2245940
1	-2245940
1	2246055
1	-2246055
1	2246077
1	-2246077
1	2246085
1	-2246085
1	2246092
1	-2246092
1	2246160
1	-2246160
1	2246174
1	-2246174
1	2246201
1	-2246201
1	2246305
1	-2246305
1	2246374
1	-2246374
1	2246398
1	-2246398
1	2246402
1	-2246402
1	2246431
1	-2246431
1	2246452
1	-2246452
1	2246482
1	-2246482
1	2246553
1	-2246553
1	2246633
1	-2246633
1	2246662
1	-2246662
1	2246682
1	-2246682
1	2246716
1	-2246716
1	2246790
1	-2246790
1	2246928
1	-2246928
1	2246984
1	-2246984
1	2247105
1	-2247105
1	2247250
1	-2247250
1	2247402
1	-2247402
1	2247411
1	-2247411
1	2247436
1	-2247436
1	2247460
1	-2247460
1	2247539
1	-2247539
1	2247596
1	-2247596
1	2247661
1	-2247661
1	2247667
1	-2247667
1	2247672
1	-2247672
1	2247717
1	-2247717
1	2247818
1	-2247818
1	2247833
1	-2247833
1	2247945
1	-2247945
1	2248100
1	-2248100
1	2248229
1	-2248229
1	2248252
1	-2248252
1	2248273
1	-2248273
1	2248305
1	-2248305
1	2248318
1	-2248318
1	2248348
1	-2248348
1	2248355
1	-2248355
1	2248357
1	-2248357
1	2248361
1	-2248361
1	2248395
1	-2248395
1	2248410
1	-2248410
1	2248433
1	-2248433
1	2248449
1	-2248449
1	2248473
1	-2248473
1	2248536
1	-2248536
1	2248565
1	-2248565
1	2248572
1	-2248572
1	2248692
1	-2248692
1	2248716
1	-2248716
1	2248739
1	-2248739
1	2248801
1	-2248801
1	2248811
1	-2248811
1	2248821
1	-2248821
1	2248831
1	-2248831
1	2248854
1	-2248854
1	2248869
1	-2248869
1	2248883
1	-2248883
1	2248889
1	-2248889
1	2248904
1	-2248904
1	2249004
1	-2249004
1	2249140
1	-2249140
1	2249164
1	-2249164
2	2249197
2	-2249197
1	2249210
1	-2249210
1	2249223
1	-2249223
1	2249235
1	-2249235
1	2249243
1	-2249243
1	2249295
1	-2249295
1	2249297
1	-2249297
1	2249397
1	-2249397
1	2249498
1	-2249498
1	2249550
1	-2249550
1	2249655
1	-2249655
1	2249708
1	-2249708
1	2249732
1	-2249732
1	2249814
1	-2249814
1	2249857
1	-2249857
1	2249876
1	-2249876
1	2249879
1	-2249879
1	2249924
1	-2249924
1	2249954
1	-2249954
1	2249968
1	-2249968
1	2249972
1	-2249972
1	2249979
1	-2249979
1	2249999
1	-2249999
1	2250047
1	-2250047
1	2250061
1	-2250061
1	2250327
1	-2250327
1	2250363
1	-2250363
1	2250445
1	-2250445
1	2250767
1	-2250767
1	2250882
1	-2250882
1	2250935
1	-2250935
1	2251059
1	-2251059
1	2251225
1	-2251225
1	2251299
1	-2251299
1	2251324
1	-2251324
1	2251750
1	-2251750
1	2251821
1	-2251821
1	2251822
1	-2251822
1	2251886
1	-2251886
1	2251895
1	-2251895
1	2252044
1	-2252044
1	2252060
1	-2252060
1	2252319
1	-2252319
1	2252550
1	-2252550
1	2252569
1	-2252569
1	2252587
1	-2252587
1	2252597
1	-2252597
1	2252606
1	-2252606
1	2252653
1	-2252653
1	2252814
1	-2252814
1	2252824
1	-2252824
1	2253012
1	-2253012
1	2253020
1	-2253020
1	2253028
1	-2253028
1	2253092
1	-2253092
2	2253107
2	-2253107
1	2253115
1	-2253115
1	2253131
1	-2253131
1	2253156
1	-2253156
1	2253295
1	-2253295
1	2253333
1	-2253333
1	2253382
1	-2253382
1	2253600
1	-2253600
1	2253627
1	-2253627
1	2253698
1	-2253698
2	2253714
2	-2253714
1	227
1	-227
1	-229
1	231
1	-231
2	234
1	-234
1	-235
1	237
1	-237
2	238
1	-238
1	241
2	-241
2	242
1	-242
1	243
1	-243
1	-244
1	245
2	-245
2	248
2	-248
1	-250
1	251
1	-251
1	252
1	-252
3	253
2	-253
1	254
2	255
1	-255
3	256
2	-256
1	257
1	-257
1	259
2	-259
2	260
4	-260
1	261
2	-261
1	263
3	264
3	-264
2	265
2	-265
1	267
1	-267
1	268
1	-268
4	269
5	-269
2	270
2	-270
1	271
2	-271
1	-273
1	274
1	-274
1	275
2	-275
3	276
4	-276
1	277
1	-277
3	278
3	-278
3	279
3	-279
2	280
3	-280
3	281
4	-281
2	282
2	-282
2	283
2	-283
6	284
5	-284
1	285
1	-285
1	287
2	-287
3	288
4	-288
1	289
2	-289
1	290
1	-290
1	291
2	-291
3	292
3	-292
3	293
2	-293
3	294
3	-294
4	297
3	-297
1	298
1	-298
1	299
1	-299
3	300
4	-300
3	301
4	-301
2	302
1	-302
2	303
2	-303
4	304
4	-304
1	-305
3	306
2	-306
4	307
4	-307
4	308
4	-308
2	309
2	-309
4	310
4	-310
3	311
3	-311
2	312
1	-312
3	313
3	-313
4	314
5	-314
3	315
3	-315
5	316
5	-316
3	317
2	-317
3	318
3	-318
3	319
2	-319
2	320
1	-320
2	321
2	-321
3	322
3	-322
1	323
1	-323
5	324
4	-324
3	325
3	-325
5	326
4	-326
4	327
3	-327
3	329
3	-329
2	330
3	-330
3	331
2	-331
7	332
7	-332
1	333
2	-333
3	334
3	-334
1	335
2	-335
3	336
3	-336
5	337
5	-337
2	338
2	-338
2	339
2	-339
5	340
5	-340
4	341
3	-341
3	342
3	-342
4	343
4	-343
10	344
11	-344
4	345
5	-345
4	346
4	-346
5	347
5	-347
4	348
4	-348
5	349
5	-349
4	350
5	-350
1	-35055452
5	351
5	-351
3	352
3	-352
1	-35258009
5	353
6	-353
5	354
5	-354
5	355
5	-355
6	356
6	-356
9	357
9	-357
9	358
9	-358
8	359
9	-359
8	360
8	-360
7	361
7	-361
7	362
6	-362
5	363
5	-363
1	3632868
1	-3632868
1	3633084
1	-3633084
1	3633188
1	-3633188
1	3633296
1	-3633296
1	3634207
1	-3634207
1	3634662
1	-3634662
1	3634676
1	-3634676
1	3636900
1	-3636900
1	3637257
1	-3637257
1	3637260
1	-3637260
1	3637342
1	-3637342
1	3637374
1	-3637374
1	3637791
1	-3637791
1	3638155
1	-3638155
1	3638321
1	-3638321
1	3638486
1	-3638486
1	3638723
1	-3638723
1	3639273
1	-3639273
1	3639274
1	-3639274
1	3639701
1	-3639701
11	364
10	-364
1	3640481
1	-3640481
1	3640484
1	-3640484
1	3641323
1	-3641323
1	3641729
1	-3641729
1	3641746
1	-3641746
1	3642294
1	-3642294
1	3642296
1	-3642296
1	3642321
1	3642322
1	3642335
1	-3642335
1	3642336
1	-3642336
1	3642378
1	3642428
1	3642665
1	-3642665
1	-3642670
1	3642732
1	-3642732
1	3642737
1	3642758
1	3642759
1	3642769
1	3642774
1	-3642774
1	3642778
1	3642784
1	-3642784
1	3642787
1	-3642787
1	3642788
1	-3642788
1	3642789
1	-3642789
1	3642792
1	-3642792
2	3642793
2	-3642793
1	3642803
1	-3642803
1	3642804
1	-3642804
1	3642807
1	-3642807
1	3642809
1	-3642809
1	3642820
1	-3642820
1	3642822
1	-3642822
1	3642826
1	-3642826
1	-3642833
2	3642841
2	-3642841
1	3642842
1	-3642842
1	3642843
1	-3642843
1	3642846
1	-3642846
1	3642855
1	-3642855
1	3642857
1	-3642857
1	3642860
1	-3642860
1	3642868
1	-3642868
1	3642873
1	-3642873
1	3642876
1	-3642876
1	3642887
1	-3642887
1	3642895
1	-3642895
1	3642917
1	-3642917
1	3642927
1	-3642927
1	3642930
1	-3642930
1	3642952
1	-3642952
1	3643008
1	3643015
1	-3643015
2	3643018
1	3643032
1	3643039
1	-3643039
1	3643040
1	3643097
1	3643295
1	-3643295
1	-3643310
1	-3643323
1	3643358
1	-3643358
1	3643359
1	-3643359
1	-3643372
1	-3643376
1	3643390
1	-3643390
1	3643395
1	-3643396
1	-3643401
1	3643404
1	-3643404
1	3643406
1	3643408
1	-3643408
1	-3643416
1	3643417
1	-3643417
1	3643419
1	3643421
1	3643426
2	-3643426
1	-3643433
3	3643446
3	-3643446
1	3643449
1	-3643449
1	3643451
1	-3643451
1	3643456
1	3643465
1	-3643465
1	3643509
1	-3643509
1	3643771
1	-3643771
1	3643886
1	-3643886
1	3644039
1	-3644039
1	3644151
1	-3644151
1	3644363
1	-3644363
1	3644732
1	-3644732
1	3644808
1	-3644808
1	3644979
1	-3644979
1	3645029
1	-3645029
1	3645125
1	-3645125
1	3645277
1	-3645277
1	3645363
1	-3645363
1	3645373
1	-3645373
1	3645403
1	-3645403
1	3645529
1	-3645529
1	3645551
1	-3645551
1	3645668
1	-3645668
1	3645885
1	-3645885
1	3645907
1	-3645907
1	3646352
1	-3646352
1	3646769
1	-3646769
1	3647236
1	-3647236
1	3647339
1	-3647339
1	3647483
1	-3647483
1	3647523
1	-3647523
1	3647562
1	-3647562
1	3647726
1	-3647726
1	3648076
1	-3648076
1	3648140
1	-3648140
1	3648171
1	-3648171
1	3648279
1	-3648279
1	3648476
1	-3648476
1	3648771
1	-3648771
1	3648814
1	-3648814
1	3648829
1	-3648829
1	3648857
1	-3648857
1	3648904
1	-3648904
1	3649048
1	-3649048
1	3649058
1	-3649058
1	3649228
1	-3649228
1	3649419
1	-3649419
1	3649677
1	-3649677
1	3649703
1	-3649703
1	3649925
1	-3649925
1	3649958
1	-3649958
9	365
9	-365
1	3650010
1	-3650010
1	3650854
1	-3650854
1	3650858
1	-3650858
1	3650887
1	-3650887
1	3650912
1	-3650912
1	3651193
1	-3651193
1	3651269
1	-3651269
1	3651272
1	-3651272
1	3651278
1	-3651278
1	3651292
1	-3651292
1	3651322
1	-3651322
1	3651340
1	-3651340
1	3651383
1	-3651383
1	3651875
1	-3651875
1	3651908
1	-3651908
1	3652090
1	-3652090
15	366
15	-366
12	367
12	-367
11	368
10	-368
6	369
6	-369
17	370
17	-370
20	371
19	-371
10	372
10	-372
15	373
15	-373
28	374
27	-374
20	375
19	-375
21	376
20	-376
30	377
30	-377
23	378
23	-378
44	379
44	-379
35	380
35	-380
33	381
33	-381
38	382
38	-382
1	38277295
1	-38277295
1	38277309
1	-38277309
1	-38277313
1	38277315
1	-38277315
1	38277450
1	-38277450
2	38277452
2	-38277452
1	38277458
1	-38277458
1	38277460
1	-38277460
2	38277488
2	-38277488
1	38277497
1	-38277497
1	38277508
1	-38277508
1	-38277530
1	38277571
1	-38277571
54	383
54	-383
36	384
36	-384
30	385
30	-385
51	386
50	-386
54	387
54	-387
40	388
40	-388
45	389
45	-389
46	390
47	-390
63	391
63	-391
54	392
53	-392
58	393
58	-393
55	394
56	-394
70	395
70	-395
66	396
66	-396
60	397
60	-397
94	398
94	-398
118	399
118	-399
110	400
110	-400
122	401
123	-401
116	402
115	-402
123	403
123	-403
162	404
161	-404
115	405
114	-405
1	40521658
1	-40521658
1	40521780
1	-40521780
1	-40522018
1	-40522024
1	-40522025
1	-40522042
1	-40522056
1	40522063
1	-40522063
1	-40522076
1	-40522077
1	-40522079
1	40522080
1	-40522080
1	40522083
1	-40522083
1	-40522084
1	40522107
1	-40522107
1	-40522125
1	40522143
1	-40522143
1	40522148
1	-40522148
1	40522151
1	-40522151
1	40522154
1	-40522154
1	-40522159
1	40522161
1	-40522161
1	-40522172
1	-40522203
1	40522204
1	-40522204
1	40522206
1	-40522206
1	-40522207
1	40522212
1	-40522212
1	40522219
1	-40522219
1	-40522221
1	-40522223
1	40522225
1	-40522225
1	40522233
1	-40522233
1	40522237
1	-40522237
2	40522256
2	-40522256
1	-40522263
1	-40522270
1	40522276
1	-40522276
1	40522277
1	-40522277
1	40522288
1	-40522288
1	40522290
1	-40522290
1	40522294
1	-40522294
1	40522301
1	-40522301
1	40522304
1	-40522304
1	-40522326
1	40522336
1	-40522336
1	40522337
1	-40522337
1	-40522339
1	40522356
1	-40522356
1	40522403
1	-40522403
1	40522416
1	-40522416
1	-40522440
126	406
126	-406
142	407
142	-407
164	408
164	-408
151	409
149	-409
144	410
145	-410
143	411
142	-411
177	412
176	-412
174	413
174	-413
169	414
171	-414
179	415
180	-415
196	416
195	-416
192	417
191	-417
190	418
191	-418
207	419
207	-419
1	41920449
1	-41920449
1	41920822
1	-41920822
1	-41920876
2	41920897
2	-41920897
1	-41920900
1	41920901
1	-41920901
1	41920909
1	-41920909
1	-41920915
1	41920938
1	-41920938
1	41920944
1	-41920944
1	-41920952
1	41920978
1	-41920978
1	-41920981
1	-41921006
1	41921009
1	-41921009
1	41921012
1	-41921012
1	-41921014
1	-41921044
1	41921060
1	-41921060
1	-41921066
1	-41921073
1	41921075
1	-41921075
1	41921076
2	-41921076
1	41921078
1	-41921078
1	41921086
1	-41921086
1	41921092
1	-41921092
1	41921095
1	-41921095
1	41921101
2	-41921101
1	41921104
1	-41921104
1	-41921114
1	41921125
1	-41921125
1	41921160
1	-41921160
1	-41921164
1	41921168
1	-41921168
2	41921198
2	-41921198
1	-41921202
217	420
217	-420
204	421
204	-421
216	422
219	-422
241	423
241	-423
237	424
237	-424
267	425
268	-425
260	426
260	-426
254	427
254	-427
258	428
258	-428
284	429
283	-429
264	430
264	-430
307	431
308	-431
339	432
339	-432
336	433
336	-433
338	434
337	-434
328	435
328	-435
331	436
331	-436
354	437
354	-437
351	438
350	-438
356	439
355	-439
372	440
373	-440
388	441
387	-441
404	442
404	-442
403	443
403	-443
390	444
390	-444
459	445
459	-445
442	446
443	-446
432	447
433	-447
452	448
452	-448
475	449
474	-449
462	450
462	-450
473	451
473	-451
461	452
460	-452
462	453
461	-453
478	454
478	-454
473	455
472	-455
540	456
539	-456
525	457
525	-457
530	458
530	-458
552	459
552	-459
584	460
582	-460
552	461
553	-461
604	462
604	-462
599	463
597	-463
603	464
603	-464
602	465
600	-465
614	466
614	-466
621	467
620	-467
647	468
647	-468
613	469
613	-469
615	470
615	-470
644	471
643	-471
677	472
677	-472
676	473
676	-473
668	474
668	-474
660	475
660	-475
677	476
677	-476
668	477
668	-477
684	478
683	-478
689	479
689	-479
723	480
723	-480
704	481
704	-481
742	482
742	-482
723	483
723	-483
716	484
716	-484
747	485
747	-485
774	486
773	-486
770	487
770	-487
821	488
822	-488
742	489
741	-489
798	490
798	-490
766	491
766	-491
758	492
758	-492
808	493
808	-493
769	494
769	-494
780	495
780	-495
805	496
805	-496
790	497
790	-497
730	498
730	-498
741	499
741	-499
760	500
760	-500
771	501
771	-501
793	502
793	-502
764	503
764	-503
758	504
758	-504
752	505
752	-505
798	506
799	-506
779	507
779	-507
738	508
738	-508
776	509
776	-509
744	510
744	-510
742	511
742	-511
797	512
797	-512
731	513
731	-513
755	514
754	-514
692	515
692	-515
1	-51549386
739	516
738	-516
741	517
741	-517
736	518
736	-518
673	519
673	-519
713	520
713	-520
706	521
706	-521
717	522
717	-522
649	523
649	-523
709	524
709	-524
672	525
673	-525
659	526
659	-526
685	527
685	-527
659	528
658	-528
684	529
684	-529
1	52947293
1	-52947293
1	52948228
1	-52948228
586	530
586	-530
658	531
658	-531
641	532
641	-532
620	533
620	-533
608	534
608	-534
620	535
620	-535
607	536
606	-536
522	537
522	-537
593	538
593	-538
591	539
591	-539
542	540
542	-540
550	541
550	-541
560	542
560	-542
506	543
506	-543
499	544
499	-544
480	545
480	-545
486	546
486	-546
467	547
467	-547
443	548
443	-548
493	549
493	-549
458	550
458	-550
1	55008051
1	-55008051
1	55008067
1	-55008067
1	55008082
1	-55008082
1	55008092
1	-55008092
1	-55008093
1	55008095
1	-55008095
1	55008115
1	-55008115
1	55008122
1	-55008122
1	55008134
1	-55008134
1	-55008183
1	-55008237
1	55008258
1	-55008258
1	55008832
1	-55008832
1	55008840
1	-55008840
1	55008842
1	-55008842
1	55008849
1	-55008849
1	55008854
1	-55008854
1	55008855
1	-55008855
1	55008859
1	-55008859
1	-55008870
1	55008873
1	-55008873
1	55008886
1	-55008886
1	55009001
1	-55009001
461	551
461	-551
439	552
439	-552
423	553
423	-553
392	554
392	-554
404	555
404	-555
420	556
420	-556
434	557
434	-557
384	558
384	-558
384	559
384	-559
361	560
361	-560
368	561
368	-561
375	562
375	-562
333	563
333	-563
325	564
325	-564
326	565
325	-565
307	566
307	-566
297	567
297	-567
308	568
308	-568
276	569
276	-569
282	570
282	-570
276	571
276	-571
317	572
317	-572
1	57252392
1	-57252392
1	57252421
1	-57252421
1	57252440
1	-57252440
1	57252444
1	-57252444
1	57252445
1	-57252445
1	57252465
1	-57252465
1	57252470
1	-57252470
1	57252471
1	-57252471
1	57252474
1	-57252474
1	57252480
1	-57252480
2	57252483
2	-57252483
1	57252490
1	-57252490
1	57252491
1	-57252491
1	57252494
1	-57252494
1	57252496
1	-57252496
1	57252497
1	-57252497
1	57252500
1	-57252500
1	57252502
1	-57252502
1	57252505
1	-57252505
1	57252509
1	-57252509
1	57252512
1	-57252512
1	57252513
1	-57252513
1	57252526
1	-57252526
1	57252527
1	-57252527
1	57252540
1	-57252540
1	57252547
1	-57252547
1	57252549
1	-57252549
1	57252550
1	-57252550
1	57252552
1	-57252552
1	57252559
1	-57252559
1	57252561
1	-57252561
1	57252577
1	-57252577
1	57252579
1	-57252579
1	57252614
1	-57252614
1	57252629
1	-57252629
1	57252870
1	-57252870
1	57252898
1	-57252898
1	57252986
1	-57252986
1	57253013
1	-57253013
1	57253051
1	-57253051
1	57253059
1	-57253059
1	57253060
1	-57253060
1	57253061
1	-57253061
1	57253068
1	-57253068
1	57253086
1	-57253086
1	57253087
1	-57253087
1	57253089
1	-57253089
1	57253095
1	-57253095
1	57253099
1	-57253099
1	57253104
1	-57253104
1	57253110
1	-57253110
1	57253118
1	-57253118
1	57253120
1	-57253120
2	57253139
2	-57253139
1	57253140
1	-57253140
1	57253143
1	-57253143
1	57253151
1	-57253151
1	57253165
1	-57253165
1	57253176
1	-57253176
1	-57253179
1	57253213
1	-57253213
1	-57253252
1	57253272
1	-57253272
293	573
293	-573
208	574
208	-574
235	575
235	-575
221	576
221	-576
252	577
252	-577
225	578
225	-578
210	579
210	-579
200	580
200	-580
191	581
191	-581
199	582
199	-582
198	583
198	-583
175	584
175	-584
181	585
181	-585
163	586
163	-586
1	58651234
1	-58651234
1	58651256
1	-58651256
1	58651271
1	-58651271
1	58651282
1	-58651282
1	58651633
1	-58651633
1	58651812
1	-58651812
1	58651816
1	-58651816
1	58651841
1	-58651841
1	58651853
1	-58651853
1	58651858
1	-58651858
1	58651863
1	-58651863
1	58651871
1	-58651871
1	58651881
1	-58651881
1	58651890
1	-58651890
2	58651895
2	-58651895
1	58651898
1	-58651898
1	58651902
1	-58651902
1	58651907
1	-58651907
1	58651911
1	-58651911
1	58651921
1	-58651921
1	58651925
1	-58651925
1	58651927
1	-58651927
1	58651933
1	-58651933
1	58651936
1	-58651936
1	58651951
1	-58651951
1	58651954
1	-58651954
1	58651958
1	-58651958
2	58651969
2	-58651969
1	58651970
1	-58651970
1	58651972
1	-58651972
1	58651975
1	-58651975
1	58651978
1	-58651978
1	58651982
1	-58651982
1	58651995
1	-58651995
1	58651999
1	-58651999
160	587
160	-587
171	588
171	-588
154	589
154	-589
173	590
173	-590
142	591
142	-591
146	592
146	-592
120	593
120	-593
120	594
120	-594
143	595
143	-595
107	596
107	-596
120	597
120	-597
139	598
139	-598
99	599
99	-599
110	600
110	-600
81	601
81	-601
106	602
106	-602
86	603
86	-603
87	604
87	-604
94	605
94	-605
87	606
87	-606
82	607
82	-607
61	608
61	-608
84	609
84	-609
56	610
56	-610
60	611
60	-611
44	612
44	-612
54	613
54	-613
51	614
51	-614
46	615
46	-615
63	616
63	-616
42	617
42	-617
58	618
58	-618
50	619
50	-619
35	620
35	-620
38	621
38	-621
1	-6216777
50	622
50	-622
20	623
20	-623
33	624
33	-624
21	625
21	-625
21	626
21	-626
26	627
26	-627
24	628
24	-628
14	629
14	-629
19	630
19	-630
10	631
10	-631
22	632
22	-632
20	633
20	-633
14	634
14	-634
17	635
17	-635
23	636
23	-636
7	637
7	-637
12	638
12	-638
12	639
12	-639
4	640
4	-640
5	641
5	-641
1	-64113789
5	642
5	-642
14	643
14	-643
13	644
13	-644
8	645
8	-645
7	646
7	-646
7	647
7	-647
6	648
6	-648
7	649
7	-649
2	650
2	-650
7	651
7	-651
5	652
5	-652
5	653
5	-653
7	654
7	-654
4	655
4	-655
1	656
1	-656
1	657
1	-657
2	658
2	-658
2	659
2	-659
2	660
2	-660
1	661
1	-661
1	663
1	-663
2	664
2	-664
3	666
3	-666
2	667
2	-667
1	668
1	-668
1	669
1	-669
2	671
2	-671
2	672
2	-672
1	674
1	-674
1	676
1	-676
3	677
3	-677
1	681
1	-681
1	683
1	-683
1	684
1	-684
1	687
1	-687
1	689
1	-689
1	-69065680
1	-69065691
1	-69065813
1	-69065832
1	-69066476
1	691
1	-691
1	692
1	-692
1	700
1	-700
1	-71309411
1	-71309413
1	-71309415
1	-71309427
1	-71309432
1	-71309443
1	-71309450
1	-71309452
1	-71309455
1	-71309461
1	-71309472
1	-71309474
2	-71309475
1	-71309479
1	-71309481
1	-71309485
2	-71309493
1	-71309498
1	-71309502
2	-71309503
1	-71309504
1	-71309505
1	-71309513
1	-71309514
1	-71309518
2	-71309520
1	-71309533
1	-71309539
1	-71309542
2	-71309543
1	-71309547
1	-71309548
1	-71309551
1	-71309565
1	-71309567
2	-71309568
1	-71309590
1	-71309605
1	-71310110
2	-71310124
1	-71310126
1	-71310129
1	-71310142
1	-71310143
1	-71310150
1	-71310151
1	-71310157
1	-71310169
1	-71310172
1	-71310173
1	-71310179
1	-71310180
2	-71310184
2	-71310190
1	71310201
1	-71310201
1	-71310246
1	-71310276
1	-72708217
1	-72708255
1	-72708334
1	-72708344
1	72708346
1	-72708346
2	-72708357
1	-72708360
1	-72708366
1	-72708369
1	-72708371
1	-72708373
1	-72708387
1	72708389
1	-72708389
1	-72708391
1	-72708431
1	-72708432
1	-72708911
1	-72708912
1	-72708914
1	-72708935
1	-72708942
1	-72708943
1	-72708946
1	-72708948
1	72708949
1	-72708949
1	-72708951
1	72708952
1	-72708952
1	-72708973
1	-72708976
2	-72708977
1	-72708980
1	-72708984
2	-72708992
2	-72708993
1	-72708995
1	-72708997
1	72708999
1	-72708999
1	-72709005
1	-72709010
1	-72709011
1	-72709012
1	-72709015
1	-72709023
1	-72709046
1	-72709121
1	-73840571
1	8459918
1	-8459918
1	-8460010
1	-8460036
1	-8460059
1	-8460063
1	-8460170
1	-8460210
1	-8460243
1	-8460334
1	9858772
1	-9858772
1	-9858915
1	9858951
1	-9858951
1	9859194
1	-9859194
